[header]
width=16
height=16
tilewidth=64
tileheight=32
orientation=isometric
background_color=85,255,255,255
hero_pos=7,7
tileset=tilesetdefs/tileset_default.txt
title=home

[tilesets]
tileset=../../../tmp/main.png,64,32,0,0
tileset=../../../tmp/collision.png,64,32,0,0

[layer]
type=background
data=
0,0,0,0,0,0,0,0,0,0,0,0,0,0,0,0,
0,0,0,0,0,0,1,1,1,1,0,0,0,0,0,0,
0,0,0,0,1,1,1,1,1,1,1,1,0,0,0,0,
0,0,0,1,1,1,1,1,1,1,1,1,1,0,0,0,
0,0,1,1,1,1,1,1,1,1,1,1,1,1,0,0,
0,0,1,1,1,1,1,1,1,1,1,1,1,1,0,0,
0,1,1,1,1,1,1,1,1,1,1,1,1,1,1,0,
0,1,1,1,1,1,1,1,1,1,1,1,1,1,1,0,
0,1,1,1,1,1,1,1,1,1,1,1,1,1,1,0,
0,1,1,1,1,1,1,1,1,1,1,1,1,1,1,0,
0,0,1,1,1,1,1,1,1,1,1,1,1,1,0,0,
0,0,1,1,1,1,1,1,1,1,1,1,1,1,0,0,
0,0,0,1,1,1,1,1,1,1,1,1,1,0,0,0,
0,0,0,0,1,1,1,1,1,1,1,1,0,0,0,0,
0,0,0,0,0,0,1,1,1,1,0,0,0,0,0,0,
0,0,0,0,0,0,0,0,0,0,0,0,0,0,0,0

[layer]
type=object
data=
0,0,0,0,0,0,0,0,0,0,0,0,0,0,0,0,
0,0,0,0,0,0,0,0,0,0,0,0,0,0,0,0,
0,0,0,0,0,0,0,0,0,0,0,0,0,0,0,0,
0,0,0,0,0,0,0,0,0,0,0,0,0,0,0,0,
0,0,0,0,0,0,0,0,0,0,0,0,0,0,0,0,
0,0,0,0,0,0,0,0,0,0,0,0,0,0,0,0,
0,0,0,0,0,0,0,0,0,0,0,0,0,0,0,0,
0,0,0,0,0,0,0,0,0,0,0,0,0,0,0,0,
0,0,0,0,0,0,0,0,0,0,0,0,0,0,0,0,
0,0,0,0,0,0,0,0,0,0,0,0,0,0,0,0,
0,0,0,0,0,0,0,0,0,0,0,0,0,0,0,0,
0,0,0,0,0,0,0,0,0,0,0,0,0,0,0,0,
0,0,0,0,0,0,0,0,0,0,0,0,0,0,0,0,
0,0,0,0,0,0,0,0,0,0,0,0,0,0,0,0,
0,0,0,0,0,0,0,0,0,0,0,0,0,0,0,0,
0,0,0,0,0,0,0,0,0,0,0,0,0,0,0,0

[layer]
type=collision
data=
0,0,0,0,0,2,2,2,2,2,2,0,0,0,0,0,
0,0,0,0,2,2,0,0,0,0,2,2,2,0,0,0,
0,0,2,2,0,0,0,0,0,0,0,0,2,2,0,0,
0,2,2,0,0,0,0,0,0,0,0,0,0,2,2,0,
0,2,0,0,0,0,0,0,0,0,0,0,0,0,2,0,
2,2,0,0,0,0,0,0,0,0,0,0,0,0,2,2,
2,0,0,0,0,0,0,0,0,0,0,0,0,0,0,2,
2,0,0,0,0,0,0,0,0,0,0,0,0,0,0,2,
2,0,0,0,0,0,0,0,0,0,0,0,0,0,0,2,
2,0,0,0,0,0,0,0,0,0,0,0,0,0,0,2,
2,2,0,0,0,0,0,0,0,0,0,0,0,0,2,2,
0,2,0,0,0,0,0,0,0,0,0,0,0,0,2,0,
0,2,2,0,0,0,0,0,0,0,0,0,0,2,2,0,
0,0,2,2,0,0,0,0,0,0,0,0,2,2,0,0,
0,0,0,2,2,2,0,0,0,0,2,2,2,0,0,0,
0,0,0,0,0,2,2,2,2,2,2,0,0,0,0,0

