[header]
width=24
height=24
tilewidth=64
tileheight=32
orientation=isometric
background_color=32,32,32,255
hero_pos=12,21
tileset=tilesetdefs/main.txt
title=main

[tilesets]
tileset=../images/tilesets/main.png,64,32,0,0

[layer]
type=background
data=
0,0,0,0,0,0,0,0,0,0,0,0,0,0,0,0,0,0,0,0,0,0,0,0,
0,0,0,0,0,0,0,0,0,1,1,1,1,1,1,0,0,0,0,0,0,0,0,0,
0,0,0,0,0,0,0,1,1,1,1,1,1,1,1,1,1,0,0,0,0,0,0,0,
0,0,0,0,0,0,1,1,1,1,1,1,1,1,1,1,1,1,0,0,0,0,0,0,
0,0,0,0,1,1,1,1,1,1,2,2,2,2,1,1,1,1,1,1,0,0,0,0,
0,0,0,0,1,1,1,1,2,2,2,2,2,2,2,2,1,1,1,1,0,0,0,0,
0,0,0,1,1,1,2,2,2,2,2,2,2,2,2,2,2,2,1,1,1,0,0,0,
0,0,1,1,1,1,2,2,2,2,2,3,3,2,2,2,2,2,1,1,1,1,0,0,
0,0,1,1,1,2,2,2,2,3,3,3,3,3,3,2,2,2,2,1,1,1,0,0,
0,1,1,1,1,2,2,2,3,3,3,3,3,3,3,3,2,2,2,1,1,1,0,0,
0,1,1,1,2,2,2,2,3,3,3,4,4,3,3,3,2,2,2,2,1,1,1,0,
0,1,1,1,2,2,2,3,3,3,4,4,4,4,3,3,3,2,2,2,1,1,1,0,
0,1,1,1,2,2,2,3,3,3,4,4,4,4,3,3,3,2,2,2,1,1,1,0,
0,1,1,1,2,2,2,2,3,3,3,4,4,3,3,3,2,2,2,2,1,1,1,0,
0,1,1,1,1,2,2,2,3,3,3,3,3,3,3,3,2,2,2,1,1,1,1,0,
0,0,1,1,1,2,2,2,2,3,3,3,3,3,3,2,2,2,2,1,1,1,0,0,
0,0,1,1,1,1,2,2,2,2,2,3,3,2,2,2,2,2,1,1,1,1,0,0,
0,0,0,1,1,1,2,2,2,2,2,2,2,2,2,2,2,2,1,1,1,0,0,0,
0,0,0,0,1,1,1,1,2,2,2,2,2,2,2,2,1,1,1,1,0,0,0,0,
0,0,0,0,1,1,1,1,1,1,2,2,2,2,1,1,1,1,1,1,0,0,0,0,
0,0,0,0,0,0,1,1,1,1,1,1,1,1,1,1,1,1,0,0,0,0,0,0,
0,0,0,0,0,0,0,1,1,1,1,1,1,1,1,1,1,0,0,0,0,0,0,0,
0,0,0,0,0,0,0,0,0,1,1,1,1,1,1,0,0,0,0,0,0,0,0,0,
0,0,0,0,0,0,0,0,0,0,0,0,0,0,0,0,0,0,0,0,0,0,0,0

[layer]
type=object
data=
0,0,0,0,0,0,0,0,0,0,0,0,0,0,0,0,0,0,0,0,0,0,0,0,
0,0,0,0,0,0,0,0,0,0,0,0,0,0,0,0,0,0,0,0,0,0,0,0,
0,0,0,0,0,0,0,0,0,0,0,0,0,0,0,0,0,0,0,0,0,0,0,0,
0,0,0,0,0,0,0,0,0,0,0,0,0,0,0,0,0,0,0,0,0,0,0,0,
0,0,0,0,0,0,0,0,0,0,0,0,0,0,0,0,0,0,0,0,0,0,0,0,
0,0,0,0,0,0,0,0,0,0,0,0,0,0,0,0,0,0,0,0,0,0,0,0,
0,0,0,0,0,0,0,0,0,0,0,0,0,0,0,0,0,0,0,0,0,0,0,0,
0,0,0,0,0,0,0,0,0,0,0,0,0,0,0,0,0,0,0,0,0,0,0,0,
0,0,0,0,0,0,0,0,0,0,0,0,0,0,0,0,0,0,0,0,0,0,0,0,
0,0,0,0,0,0,0,0,0,0,0,0,0,0,0,0,0,0,0,0,0,0,0,0,
0,0,0,0,0,0,0,0,0,0,0,0,0,0,0,0,0,0,0,0,0,0,0,0,
0,0,0,0,0,0,0,0,0,0,0,0,0,0,0,0,0,0,0,0,0,0,0,0,
0,0,0,0,0,0,0,0,0,0,0,0,0,0,0,0,0,0,0,0,0,0,0,0,
0,0,0,0,0,0,0,0,0,0,0,0,0,0,0,0,0,0,0,0,0,0,0,0,
0,0,0,0,0,0,0,0,0,0,0,0,0,0,0,0,0,0,0,0,0,0,0,0,
0,0,0,0,0,0,0,0,0,0,0,0,0,0,0,0,0,0,0,0,0,0,0,0,
0,0,0,0,0,0,0,0,0,0,0,0,0,0,0,0,0,0,0,0,0,0,0,0,
0,0,0,0,0,0,0,0,0,0,0,0,0,0,0,0,0,0,0,0,0,0,0,0,
0,0,0,0,0,0,0,0,0,0,0,0,0,0,0,0,0,0,0,0,0,0,0,0,
0,0,0,0,0,0,0,0,0,0,0,0,0,0,0,0,0,0,0,0,0,0,0,0,
0,0,0,0,0,0,0,0,0,0,0,0,0,0,0,0,0,0,0,0,0,0,0,0,
0,0,0,0,0,0,0,0,0,0,0,0,0,0,0,0,0,0,0,0,0,0,0,0,
0,0,0,0,0,0,0,0,0,0,0,0,0,0,0,0,0,0,0,0,0,0,0,0,
0,0,0,0,0,0,0,0,0,0,0,0,0,0,0,0,0,0,0,0,0,0,0,0

[layer]
type=collision
data=
0,0,0,0,0,0,0,0,5,5,5,5,5,5,5,5,0,0,0,0,0,0,0,0,
0,0,0,0,0,0,5,5,5,0,0,0,0,0,0,5,5,5,0,0,0,0,0,0,
0,0,0,0,0,5,5,0,0,0,0,0,0,0,0,0,0,5,5,0,0,0,0,0,
0,0,0,5,5,5,0,0,0,0,0,0,0,0,0,0,0,0,5,5,5,0,0,0,
0,0,0,5,0,0,0,0,0,0,0,0,0,0,0,0,0,0,0,0,5,0,0,0,
0,0,5,5,0,0,0,0,0,0,0,0,0,0,0,0,0,0,0,0,5,5,0,0,
0,5,5,0,0,0,0,0,0,0,0,0,0,0,0,0,0,0,0,0,0,5,5,0,
0,5,0,0,0,0,0,0,0,0,0,0,0,0,0,0,0,0,0,0,0,0,5,0,
5,5,0,0,0,0,0,0,0,0,0,0,0,0,0,0,0,0,0,0,0,0,5,0,
5,0,0,0,0,0,0,0,0,0,0,0,0,0,0,0,0,0,0,0,0,0,5,5,
5,0,0,0,0,0,0,0,0,0,0,0,0,0,0,0,0,0,0,0,0,0,0,5,
5,0,0,0,0,0,0,0,0,0,0,0,0,0,0,0,0,0,0,0,0,0,0,5,
5,0,0,0,0,0,0,0,0,0,0,0,0,0,0,0,0,0,0,0,0,0,0,5,
5,0,0,0,0,0,0,0,0,0,0,0,0,0,0,0,0,0,0,0,0,0,0,5,
5,0,0,0,0,0,0,0,0,0,0,0,0,0,0,0,0,0,0,0,0,0,0,5,
5,5,0,0,0,0,0,0,0,0,0,0,0,0,0,0,0,0,0,0,0,0,5,5,
0,5,0,0,0,0,0,0,0,0,0,0,0,0,0,0,0,0,0,0,0,0,5,0,
0,5,5,0,0,0,0,0,0,0,0,0,0,0,0,0,0,0,0,0,0,5,5,0,
0,0,5,5,0,0,0,0,0,0,0,0,0,0,0,0,0,0,0,0,5,5,0,0,
0,0,0,5,0,0,0,0,0,0,0,0,0,0,0,0,0,0,0,0,5,0,0,0,
0,0,0,5,5,5,0,0,0,0,0,0,0,0,0,0,0,0,5,5,5,0,0,0,
0,0,0,0,0,5,5,0,0,0,0,0,0,0,0,0,0,5,5,0,0,0,0,0,
0,0,0,0,0,0,5,5,5,0,0,0,0,0,0,5,5,5,0,0,0,0,0,0,
0,0,0,0,0,0,0,0,5,5,5,5,5,5,5,5,0,0,0,0,0,0,0,0

